xml_path: "{DIR}/../hw3/resources/g1/scene_27dof.xml"
sim_xml_path: "{DIR}/resources/scene_27dof.xml"

simulation_duration: 30
simulation_dt: 0.002
control_decimation: 10

kps: [100, 100, 100, 150, 40, 40, 100, 100, 100, 150, 40, 40]
kds: [2, 2, 2, 4, 2, 2, 2, 2, 2, 4, 2, 2]

stand_CoM: [0, 0.08, 0.751]

CoM_kps: [800, 1800, 0]
CoM_kis: [15, 20, 0]
CoM_kds: [300, 500, 0]
CoM_max_force: 400.0
CoM_max_integral: 0.5

stand_kps_tau: [50, 20, 20, 50, 5, 5,
                50, 20, 20, 50, 5, 5]
stand_kds_tau: [15, 10, 10, 15, 5, 5,
                15, 10, 10, 15, 5, 5]

full_stand_kps_tau: [30, 30, 15, 30, 3, 8,
                     30, 30, 15, 30, 3, 8]
full_stand_kds_tau: [8, 8, 5, 8, 3, 4,
                     8, 8, 5, 8, 3, 4]

hip_roll_scale: 0.0
hip_pitch_scale: -0.05
hip_roll_lat_scale: 0.15
ankle_pitch_scale: 1.0
ankle_roll_scale: 1.0
base_recenter_kp: [0.0, 0.0]
base_recenter_kd: [0.0, 0.0]
body_roll_kp: 12.0
body_roll_kd: 4.0
body_pitch_kp: 4.0
body_pitch_kd: 2.0
body_roll_ankle_scale: 1.0
body_roll_hip_scale: 0.1
body_pitch_ankle_scale: 1.0
body_pitch_hip_scale: 0.15
base_drift_alpha: [0.12, 0.0]
base_drift_deadband: [0.025, 0.05]
base_xy_integral_k: [45.0, 70.0]
base_xy_integral_max: [0.15, 0.2]
base_xy_integral_deadband: [0.02, 0.03]
base_xy_damping_k: [0.0, 0.0]
base_xy_damping_deadband: [0.0, 0.0]

default_angles: [-0.1, 0.0, 0.0, 0.3, -0.2, 0.0,
                 -0.1, 0.0, 0.0, 0.3, -0.2, 0.0]

standing_angles: [-0.2, 0.0, 0.0, 0.59, -0.34, 0.0,
                  -0.2, 0.0, 0.0, 0.59, -0.34, 0.0]

dof_pos_lower_limits: [-2.2602, -0.3491, -2.4818, 0.0611, -0.8029, -0.2356,
                       -2.2602, -2.7926, -2.4818, 0.0611, -0.8029, -0.2356]
dof_pos_upper_limits: [2.6093, 2.7926, 2.4818, 2.7314, 0.4538, 0.2356,
                       2.6093, 0.3491, 2.4818, 2.7314, 0.4538, 0.2356]
stand_torque_limits: [70.4, 111.2, 70.4, 111.2, 50.0, 50.0,
                      70.4, 111.2, 70.4, 111.2, 50.0, 50.0]
delta_torque_scale: 1.5

qpos_filter_alpha: 0.2
qvel_filter_alpha: 0.15
com_vel_filter_alpha: 0.25

arm_waist_kps: [300, 100, 100, 50, 50, 20, 20, 20,
                100, 100, 50, 50, 20, 20, 20]
arm_waist_kds: [3, 2, 2, 2, 2, 1, 1, 1,
                2, 2, 2, 2, 1, 1, 1]
arm_waist_target: [0,
                   0, 0.5, 0, 1.5, 0, 0, 0.5,
                   -0.60457953, 0.03622701, -0.00931449, 0.97425304, 0.00269013, -0.38490212, -0.00974994]

ang_vel_scale: 0.25
dof_pos_scale: 1.0
dof_vel_scale: 0.05
action_scale: 0.25
cmd_scale: [2.0, 2.0, 0.25]
num_actions: 12
num_obs: 47

cmd_init: [0, 0, 0]

qp_params:
  mu: 0.5
  cop_x_max: 0.15
  cop_y_max: 0.035
  torsion_ratio: 0.02
  w_base: 1e6
  w_total: 1e6
  w_split: 1e3
  w_tan: 5e2
  w_yaw: 1e2
  w_reg: 1e-6
  w_smooth: 2e3
  gamma: 0.5
  vel_alpha: 0.2
  coriolis_scale_ank: 0.2
  coriolis_clip_Nm: 10.0
